  0.00000000E+00       0.00000000E+00       0.00000000E+00
  0.15153792E-01       0.15643447E+00       0.00000000E+00
  0.29934448E-01       0.30901699E+00       0.00000000E+00
  0.43978018E-01       0.45399050E+00       0.00000000E+00
  0.56938704E-01       0.58778525E+00       0.00000000E+00
  0.68497369E-01       0.70710678E+00       0.00000000E+00
  0.78369402E-01       0.80901699E+00       0.00000000E+00
  0.86311721E-01       0.89100652E+00       0.00000000E+00
  0.92128758E-01       0.95105652E+00       0.00000000E+00
  0.95677280E-01       0.98768834E+00       0.00000000E+00
  0.96869909E-01       0.10000000E+01       0.00000000E+00
  0.95677280E-01       0.98768834E+00       0.00000000E+00
  0.92128758E-01       0.95105652E+00       0.00000000E+00
  0.86311721E-01       0.89100652E+00       0.00000000E+00
  0.78369403E-01       0.80901699E+00       0.00000000E+00
  0.68497370E-01       0.70710678E+00       0.00000000E+00
  0.56938704E-01       0.58778525E+00       0.00000000E+00
  0.43978018E-01       0.45399050E+00       0.00000000E+00
  0.29934448E-01       0.30901699E+00       0.00000000E+00
  0.15153792E-01       0.15643446E+00       0.00000000E+00
 -0.65777336E-13       0.00000000E+00       0.00000000E+00
