  0.00000000E+00       0.00000000E+00       0.00000000E+00
  0.00000000E+00      -0.30535393E-02       0.00000000E+00
  0.00000000E+00      -0.11360834E-01       0.00000000E+00
  0.00000000E+00      -0.24645370E-01       0.00000000E+00
  0.00000000E+00      -0.42630634E-01       0.00000000E+00
  0.00000000E+00      -0.65040114E-01       0.00000000E+00
  0.00000000E+00      -0.91597294E-01       0.00000000E+00
  0.00000000E+00      -0.12202566E+00       0.00000000E+00
  0.00000000E+00      -0.15604871E+00       0.00000000E+00
  0.00000000E+00      -0.19338991E+00       0.00000000E+00
  0.00000000E+00      -0.23377276E+00       0.00000000E+00
  0.00000000E+00      -0.27692075E+00       0.00000000E+00
  0.00000000E+00      -0.32255736E+00       0.00000000E+00
  0.00000000E+00      -0.37040607E+00       0.00000000E+00
  0.00000000E+00      -0.42019038E+00       0.00000000E+00
  0.00000000E+00      -0.47163377E+00       0.00000000E+00
  0.00000000E+00      -0.52445972E+00       0.00000000E+00
  0.00000000E+00      -0.57839173E+00       0.00000000E+00
  0.00000000E+00      -0.63315328E+00       0.00000000E+00
  0.00000000E+00      -0.68846786E+00       0.00000000E+00
  0.00000000E+00      -0.74405895E+00       0.00000000E+00
