  0.00000000E+00       0.00000000E+00       0.00000000E+00
  0.00000000E+00      -0.91606180E-02       0.00000000E+00
  0.00000000E+00      -0.34082501E-01       0.00000000E+00
  0.00000000E+00      -0.73936110E-01       0.00000000E+00
  0.00000000E+00      -0.12789190E+00       0.00000000E+00
  0.00000000E+00      -0.19512034E+00       0.00000000E+00
  0.00000000E+00      -0.27479188E+00       0.00000000E+00
  0.00000000E+00      -0.36607699E+00       0.00000000E+00
  0.00000000E+00      -0.46814612E+00       0.00000000E+00
  0.00000000E+00      -0.58016973E+00       0.00000000E+00
  0.00000000E+00      -0.70131829E+00       0.00000000E+00
  0.00000000E+00      -0.83076225E+00       0.00000000E+00
  0.00000000E+00      -0.96767207E+00       0.00000000E+00
  0.00000000E+00      -0.11112182E+01       0.00000000E+00
  0.00000000E+00      -0.12605711E+01       0.00000000E+00
  0.00000000E+00      -0.14149013E+01       0.00000000E+00
  0.00000000E+00      -0.15733792E+01       0.00000000E+00
  0.00000000E+00      -0.17351752E+01       0.00000000E+00
  0.00000000E+00      -0.18994599E+01       0.00000000E+00
  0.00000000E+00      -0.20654036E+01       0.00000000E+00
  0.00000000E+00      -0.22321769E+01       0.00000000E+00
