  0.00000000E+00       0.00000000E+00       0.00000000E+00
  0.00000000E+00      -0.12214157E-01       0.00000000E+00
  0.00000000E+00      -0.45443335E-01       0.00000000E+00
  0.00000000E+00      -0.98581480E-01       0.00000000E+00
  0.00000000E+00      -0.17052254E+00       0.00000000E+00
  0.00000000E+00      -0.26016045E+00       0.00000000E+00
  0.00000000E+00      -0.36638918E+00       0.00000000E+00
  0.00000000E+00      -0.48810265E+00       0.00000000E+00
  0.00000000E+00      -0.62419482E+00       0.00000000E+00
  0.00000000E+00      -0.77355964E+00       0.00000000E+00
  0.00000000E+00      -0.93509105E+00       0.00000000E+00
  0.00000000E+00      -0.11076830E+01       0.00000000E+00
  0.00000000E+00      -0.12902294E+01       0.00000000E+00
  0.00000000E+00      -0.14816243E+01       0.00000000E+00
  0.00000000E+00      -0.16807615E+01       0.00000000E+00
  0.00000000E+00      -0.18865351E+01       0.00000000E+00
  0.00000000E+00      -0.20978389E+01       0.00000000E+00
  0.00000000E+00      -0.23135669E+01       0.00000000E+00
  0.00000000E+00      -0.25326131E+01       0.00000000E+00
  0.00000000E+00      -0.27538714E+01       0.00000000E+00
  0.00000000E+00      -0.29762358E+01       0.00000000E+00
