  0.00000000E+00       0.00000000E+00       0.00000000E+00
  0.00000000E+00      -0.61070787E-02       0.00000000E+00
  0.00000000E+00      -0.22721668E-01       0.00000000E+00
  0.00000000E+00      -0.49290740E-01       0.00000000E+00
  0.00000000E+00      -0.85261269E-01       0.00000000E+00
  0.00000000E+00      -0.13008023E+00       0.00000000E+00
  0.00000000E+00      -0.18319459E+00       0.00000000E+00
  0.00000000E+00      -0.24405133E+00       0.00000000E+00
  0.00000000E+00      -0.31209741E+00       0.00000000E+00
  0.00000000E+00      -0.38677982E+00       0.00000000E+00
  0.00000000E+00      -0.46754553E+00       0.00000000E+00
  0.00000000E+00      -0.55384150E+00       0.00000000E+00
  0.00000000E+00      -0.64511471E+00       0.00000000E+00
  0.00000000E+00      -0.74081214E+00       0.00000000E+00
  0.00000000E+00      -0.84038076E+00       0.00000000E+00
  0.00000000E+00      -0.94326754E+00       0.00000000E+00
  0.00000000E+00      -0.10489194E+01       0.00000000E+00
  0.00000000E+00      -0.11567835E+01       0.00000000E+00
  0.00000000E+00      -0.12663066E+01       0.00000000E+00
  0.00000000E+00      -0.13769357E+01       0.00000000E+00
  0.00000000E+00      -0.14881179E+01       0.00000000E+00
