  0.00000000E+00       0.00000000E+00       0.00000000E+00
  0.49073182E-01       0.26366212E+00       0.00000000E+00
  0.93342737E-01       0.50151514E+00       0.00000000E+00
  0.12847526E+00       0.69027635E+00       0.00000000E+00
  0.15103173E+00       0.81146855E+00       0.00000000E+00
  0.15880415E+00       0.85322851E+00       0.00000000E+00
  0.15103173E+00       0.81146852E+00       0.00000000E+00
  0.12847526E+00       0.69027636E+00       0.00000000E+00
  0.93342735E-01       0.50151513E+00       0.00000000E+00
  0.49073185E-01       0.26366210E+00       0.00000000E+00
 -0.10061143E-08      -0.81464935E-08       0.00000000E+00
 -0.49073185E-01      -0.26366213E+00       0.00000000E+00
 -0.93342737E-01      -0.50151516E+00       0.00000000E+00
 -0.12847525E+00      -0.69027637E+00       0.00000000E+00
 -0.15103173E+00      -0.81146855E+00       0.00000000E+00
 -0.15880415E+00      -0.85322852E+00       0.00000000E+00
 -0.15103172E+00      -0.81146854E+00       0.00000000E+00
 -0.12847525E+00      -0.69027637E+00       0.00000000E+00
 -0.93342739E-01      -0.50151514E+00       0.00000000E+00
 -0.49073186E-01      -0.26366211E+00       0.00000000E+00
 -0.10145350E-12       0.00000000E+00       0.00000000E+00
